16777215
16777215
16777215
16777215
16777215
16777215
16777215
16777215
16777215
16777215
16777215
16777215
16777215
16777215
16777215
16777215
16777215
3117608
-818963926
-1775266007
120558120
3117608
3117608
3117608
3117608
3117608
3117608
3117608
3117608
3117608
3117608
16777215
16777215
388993576
-164587734
-130696135
-80768215
-1859087062
3117608
3117608
3117608
3117608
3117608
3117608
3117608
3117608
3117608
16777215
16777215
388993576
-164456660
-10488206
-10554769
-180176827
-231631573
-1993305046
3117608
3117608
3117608
3117608
3117608
3117608
3117608
16777215
16777215
388993576
-164260049
-5442376
-5180228
-5376839
-6493274
-212487339
-332097746
1445958184
3117608
3117608
3117608
3117608
3117608
16777215
16777215
388993576
-164325586
-7081312
-6884701
-6884701
-6950238
-7081312
-8067442
-246763959
-533358545
1244631592
3117608
3117608
3117608
16777215
16777215
388993576
-164456660
-10096526
-10162063
-10162063
-10162063
-10162063
-10162063
-10096526
-10625178
-264394437
-768370386
992973352
3117608
16777215
16777215
388993576
-164587734
-13374142
-13767364
-13767364
-13767364
-13767364
-13767364
-13767364
-13636290
-13308606
-12920765
-281763280
-2077256920
16777215
16777215
388993576
-164653271
-15603169
-16193258
-16193258
-16193258
-16193258
-16193258
-16193258
-16062184
-15799780
-14882006
-13580235
-1372546261
16777215
16777215
388993576
-164653527
-15802084
-16392173
-16392173
-16392173
-16392173
-16261099
-15933158
-15342814
-14621650
-13775564
-47143634
-2043702231
16777215
16777215
388993576
-164653527
-14690782
-15215590
-15215590
-15018723
-14756318
-14296790
-13640652
-13319370
-13591250
-349200339
1664001582
3117608
16777215
16777215
388993576
-164588247
-13316557
-13579474
-13316814
-12922567
-12462782
-29707720
-13592788
-416375508
1361814573
3117608
3117608
3117608
16777215
16777215
388993576
-164587990
-12725956
-12660418
-12266683
-63262921
-13593558
-500393943
1160224297
3117608
3117608
3117608
3117608
3117608
16777215
16777215
388993576
-164587990
-12528059
-63393995
-13659352
-534147035
1042387234
3117608
3117608
3117608
3117608
3117608
3117608
3117608
16777215
16777215
3117608
-80767960
-13724632
-551122399
874020632
3117608
3117608
3117608
3117608
3117608
3117608
3117608
3117608
3117608
16777215
16777215
3117608
1662415891
907441171
3117608
3117608
3117608
3117608
3117608
3117608
3117608
3117608
3117608
3117608
3117608
16777215
pause
16777215
3117608
-1322280662
-1037067734
-1037067734
-1037067734
-1322280662
3117608
3117608
-1573939158
-1037067734
-1037067734
-1037002197
-1573873622
16777215
16777215
16777215
892310056
-265248467
-14034633
-13969097
-13445058
-265117393
892310056
3117608
-80768215
-13117116
-13117116
-12527541
-80768215
16777215
16777215
16777215
892310056
-264986319
-12060581
-11929506
-11208858
-264855245
892310056
3117608
-80702679
-10488975
-10225802
-9702532
-80702679
16777215
16777215
16777215
892310056
-264396487
-6621528
-6097489
-6294355
-264265413
892310056
3117608
-80702678
-5770829
-5376838
-6426455
-80702679
16777215
16777215
16777215
892310056
-264199876
-5770317
-5835854
-6425687
-264330950
892310056
3117608
-80702679
-7016545
-6884702
-7671915
-80702679
16777215
16777215
16777215
892310056
-264462024
-7999086
-8130161
-8523382
-264593098
892310056
3117608
-80702679
-9572999
-9703305
-9900427
-80702679
16777215
16777215
16777215
892310056
-264855502
-11079836
-11407521
-11210655
-264855502
892310056
3117608
-80768215
-12588210
-12915384
-12326063
-80768215
16777215
16777215
16777215
892310056
-265183187
-14029769
-14357454
-13701828
-265183186
892310056
3117608
-80768216
-14882774
-15406557
-14161611
-80768216
16777215
16777215
16777215
892310056
-265445334
-15931110
-16193514
-15013592
-265314261
892310056
3117608
-80768216
-15539425
-15997671
-14556114
-80768216
16777215
16777215
16777215
892310056
-265445591
-15933159
-16195562
-14949848
-265314517
892310056
3117608
-80768216
-15148257
-15541735
-14099153
-80768216
16777215
16777215
16777215
892310056
-265315030
-14887392
-14953442
-13903569
-265183700
892310056
3117608
-80768216
-13905620
-14102488
-12987078
-80768216
16777215
16777215
16777215
892310056
-265184212
-13578962
-13644755
-12856773
-265052882
892310056
3117608
-80768216
-12989641
-13186253
-12398270
-80768216
16777215
16777215
16777215
892310056
-265053139
-12923336
-12989130
-12463295
-265052882
892310056
3117608
-80768216
-12857287
-13119433
-12462780
-80768216
16777215
16777215
16777215
892310056
-265052882
-12594623
-12725696
-12397499
-265052626
892310056
3117608
-80768216
-12790463
-12856001
-12527547
-80768216
16777215
16777215
16777215
3117608
-667838421
-265251286
-265251286
-265251286
-667838421
3117608
3117608
-1087399382
-265316823
-265316823
-265316823
-1087333846
16777215
16777215
16777215
16777215
16777215
16777215
16777215
16777215
16777215
16777215
16777215
16777215
16777215
16777215
16777215
16777215
16777215
16777215
restart
16777215
16777215
0
0
20992
27136
26626
26115
25861
25351
24585
23819
2097177096
-2046797312
23818
22800
21779
20759
14868
0
16777215
16777215
16777215
16777215
0
21504
27904
27136
26626
26115
25861
25351
24585
23819
-2013110262
-13008318
-1543480819
302011659
22035
20759
19739
2562
16777215
16777215
16777215
16777215
16384
28160
27136
27136
26626
25857
25089
24578
23812
23046
-2080353280
-4138557
-5059912
-753968356
704663050
21016
19226
19217
16777215
16777215
16777215
16777215
28160
27136
27136
234907392
1711300608
-1392154871
-921210850
-870748382
-887526364
-887526875
-434544093
-4663624
-2687051
-3744569
-417242830
838879502
19482
21017
16777215
16777215
16777215
16777215
26624
27392
1073767424
-669486311
-7883639
-4333640
-3806278
-3871816
-3871815
-3871815
-3806278
-3411011
-8261292
-5899393
-3612472
-484483789
503334679
19484
16777215
16777215
16777215
16777215
26624
1023435776
-164265161
-3611707
-5967476
-9444277
-10362822
-10428359
-10428358
-10428359
-10428359
-10559945
-9838779
-10691275
-5966201
-6243923
-2080358380
18463
16777215
16777215
16777215
16777215
268461568
-635800549
-4006209
-9643437
-12530655
-8659613
-6101359
-6036077
-6036078
-6036078
-5904748
-6889339
-11612621
-10889922
-4069447
-45714084
1040204057
18209
16777215
16777215
16777215
16777215
1996513536
-8146812
-8661651
-14173423
-6694258
-6505566
-10908832
-78543011
-61766048
-78543775
-28147614
-5125451
-10038701
-4596299
-11634588
1694514453
17953
17189
16777215
16777215
16777215
16777215
-787321324
-6502246
-15815677
-10566571
-7360619
-1509928447
838881793
654331910
671108616
654330634
-1744813561
-5849173
-4074046
-130520753
1593851156
18209
17952
16933
16777215
16777215
16777215
16777215
-81036497
-4598856
-8665990
-4795210
-433754319
117462278
23565
23310
21779
21269
-2097066983
-10318734
-568501704
1023426326
18465
18209
17443
16933
16777215
16777215
16777215
16777215
-368482288
-265061317
-281051576
-265128131
-1174316527
22795
23820
218128140
21779
21269
-1996469475
-1207942120
419448091
19229
167789848
167788825
167788060
151011619
16777215
16777215
16777215
16777215
352346118
385899010
385898500
385897734
151017999
117464072
-1744808190
-1795138546
21013
20505
352339999
16795935
18204
-1644147941
-500932289
-500276403
-500539319
-569751249
16777215
16777215
16777215
16777215
24840
24330
24074
24587
553671169
-1005886443
-10380950
-1694147564
20757
20249
18973
18719
17432
-720153551
-2363687
-3737931
-1705505
-12752290
16777215
16777215
16777215
16777215
24840
24327
24840
1056987136
-433885655
-3613240
-3021614
-1543483897
402672139
402671632
402671122
520110356
-2080360692
-8545390
-4785764
-10098633
-3740228
-568307638
16777215
16777215
16777215
16777215
24840
24583
1157650432
-197756355
-3282741
-6754435
-3940158
-96043943
-247170474
-247170727
-247171494
-179669923
-7362145
-3804743
-10757576
-7672469
-5850188
-1862258394
16777215
16777215
16777215
16777215
24585
637557764
-299010252
-3939392
-9643181
-11940307
-6430066
-5248861
-5379936
-5379936
-5379936
-5379680
-7412358
-12071382
-10955461
-3413306
-265267114
553660454
16777215
16777215
16777215
16777215
24075
1862292736
-7425643
-7216511
-13779179
-12467157
-13582312
-13582057
-13581801
-13581801
-13581801
-13582057
-12991199
-9316260
-4005442
-11440016
1543515428
13357
16777215
16777215
16777215
16777215
23054
453007369
-518101208
-5190479
-10761908
-14305771
-7155317
-6171749
-6434408
-6434408
-6434408
-6237541
-5583190
-6968668
-315796399
1593847076
14127
13356
16777215
16777215
16777215
16777215
22292
22799
838881034
-400465105
-5717331
-9581725
-6307933
-248881338
-601400253
-601400761
-601401271
-618244789
-1005435332
-2113916636
536884008
14127
14127
13870
16777215
16777215
16777215
16777215
18710
22798
21525
738216719
-720284635
-6704735
-5127754
-1660927462
100679963
100679455
100678689
83900708
14632
14892
14638
14127
14384
10274
16777215
16777215
16777215
16777215
2308
23567
21524
20249
335562775
-1425979105
-12619433
-1677441242
17696
17188
16422
15657
15403
14892
14638
14384
12843
0
16777215
16777215
16777215
16777215
0
16650
21524
20248
19229
17951
-2063581668
-1862254043
17696
17188
16422
15657
15403
14892
14638
12585
1028
0
16777215
16777215
